A = [-9, 0, 7, 7]
